<solutions>
time,0.000000,0.100000,0.200000,0.300000,0.400000,0.500000,0.600000,0.700000,0.800000,0.900000,1.000000,1.100000,1.200000,1.300000,1.400000,1.500000,1.600000,1.700000,1.800000,1.900000,2.000000,2.100000,2.200000,2.300000,2.400000,2.500000,2.600000,2.700000,2.800000,2.900000,3.000000,3.100000,3.200000,3.300000,3.400000,3.500000,3.600000,3.700000,3.800000,3.900000,4.000000,4.100000,4.200000,4.300000,4.400000,4.500000,4.600000,4.700000,4.800000,4.900000,5.000000,5.100000,5.200000,5.300000,5.400000,5.500000,5.600000,5.700000,5.800000,5.900000,6.000000,6.100000,6.200000,6.300000,6.400000,6.500000,6.600000,6.700000,6.800000,6.900000,7.000000,7.100000,7.200000,7.300000,7.400000,7.500000,7.600000,7.700000,7.800000,7.900000,8.000000,8.100000,8.200000,8.300000,8.400000,8.500000,8.600000,8.700000,8.800000,8.900000,9.000000,9.100000,9.200000,9.300000,9.400000,9.500000,9.600000,9.700000,9.800000,9.900000,10.000000
explicit,12.000000,11.040533,10.157781,9.345609,8.598376,7.910888,7.278368,6.696422,6.161005,5.668399,5.215179,4.798196,4.414553,4.061585,3.736839,3.438058,3.163166,2.910253,2.677562,2.463476,2.266507,2.085287,1.918557,1.765158,1.624023,1.494174,1.374706,1.264791,1.163664,1.070622,0.985020,0.906262,0.833801,0.767134,0.705798,0.649365,0.597445,0.549676,0.505726,0.465290,0.428088,0.393860,0.362369,0.333395,0.306738,0.282213,0.259648,0.238888,0.219788,0.202214,0.186046,0.171171,0.157485,0.144893,0.133308,0.122649,0.112843,0.103820,0.095519,0.087882,0.080855,0.074391,0.068443,0.062970,0.057935,0.053303,0.049041,0.045120,0.041513,0.038193,0.035140,0.032330,0.029745,0.027367,0.025179,0.023165,0.021313,0.019609,0.018041,0.016599,0.015272,0.014051,0.012927,0.011894,0.010943,0.010068,0.009263,0.008522,0.007841,0.007214,0.006637,0.006106,0.005618,0.005169,0.004756,0.004375,0.004026,0.003704,0.003408,0.003135,0.002884
</solutions>

<differences>
function,0.000000,0.100000,0.200000,0.300000,0.400000,0.500000,0.600000,0.700000,0.800000,0.900000,1.000000,1.100000,1.200000,1.300000,1.400000,1.500000,1.600000,1.700000,1.800000,1.900000,2.000000,2.100000,2.200000,2.300000,2.400000,2.500000,2.600000,2.700000,2.800000,2.900000,3.000000,3.100000,3.200000,3.300000,3.400000,3.500000,3.600000,3.700000,3.800000,3.900000,4.000000,4.100000,4.200000,4.300000,4.400000,4.500000,4.600000,4.700000,4.800000,4.900000,5.000000,5.100000,5.200000,5.300000,5.400000,5.500000,5.600000,5.700000,5.800000,5.900000,6.000000,6.100000,6.200000,6.300000,6.400000,6.500000,6.600000,6.700000,6.800000,6.900000,7.000000,7.100000,7.200000,7.300000,7.400000,7.500000,7.600000,7.700000,7.800000,7.900000,8.000000,8.100000,8.200000,8.300000,8.400000,8.500000,8.600000,8.700000,8.800000,8.900000,9.000000,9.100000,9.200000,9.300000,9.400000,9.500000,9.600000,9.700000,9.800000,9.900000,10.000000
euler_diff,0.000000,0.040533,0.074447,0.102554,0.125575,0.144153,0.158862,0.170208,0.178642,0.184566,0.188332,0.190253,0.190606,0.189633,0.187549,0.184542,0.180777,0.176396,0.171527,0.166277,0.160742,0.155002,0.149129,0.143182,0.137212,0.131264,0.125372,0.119568,0.113876,0.108317,0.102907,0.097658,0.092581,0.087682,0.082967,0.078437,0.074094,0.069937,0.065966,0.062177,0.058567,0.055133,0.051869,0.048770,0.045832,0.043049,0.040415,0.037924,0.035570,0.033349,0.031253,0.029277,0.027415,0.025662,0.024013,0.022462,0.021005,0.019636,0.018350,0.017143,0.016012,0.014950,0.013956,0.013024,0.012151,0.011335,0.010570,0.009855,0.009186,0.008561,0.007976,0.007430,0.006920,0.006444,0.006000,0.005585,0.005197,0.004836,0.004500,0.004186,0.003893,0.003620,0.003366,0.003129,0.002908,0.002703,0.002512,0.002334,0.002168,0.002014,0.001870,0.001737,0.001613,0.001497,0.001390,0.001290,0.001198,0.001111,0.001031,0.000957,0.000888
rk4_diff,0.000000,0.000000,0.000001,0.000001,0.000001,0.000001,0.000002,0.000002,0.000002,0.000002,0.000002,0.000002,0.000002,0.000002,0.000002,0.000002,0.000002,0.000002,0.000002,0.000002,0.000002,0.000002,0.000002,0.000001,0.000001,0.000001,0.000001,0.000001,0.000001,0.000001,0.000001,0.000001,0.000001,0.000001,0.000001,0.000001,0.000001,0.000001,0.000001,0.000001,0.000001,0.000001,0.000001,0.000001,0.000000,0.000000,0.000000,0.000000,0.000000,0.000000,0.000000,0.000000,0.000000,0.000000,0.000000,0.000000,0.000000,0.000000,0.000000,0.000000,0.000000,0.000000,0.000000,0.000000,0.000000,0.000000,0.000000,0.000000,0.000000,0.000000,0.000000,0.000000,0.000000,0.000000,0.000000,0.000000,0.000000,0.000000,0.000000,0.000000,0.000000,0.000000,0.000000,0.000000,0.000000,0.000000,0.000000,0.000000,0.000000,0.000000,0.000000,0.000000,0.000000,0.000000,0.000000,0.000000,0.000000,0.000000,0.000000,0.000000,0.000000
ab3_diff,1.916667,0.040533,1.842219,1.609830,1.558626,1.424420,1.314042,1.208172,1.111618,1.022566,0.940695,0.865367,0.796073,0.732328,0.673687,0.619741,0.570116,0.524464,0.482467,0.443834,0.408294,0.375600,0.345524,0.317856,0.292404,0.268989,0.247450,0.227636,0.209408,0.192639,0.177214,0.163023,0.149969,0.137960,0.126913,0.116751,0.107402,0.098802,0.090890,0.083612,0.076917,0.070758,0.065092,0.059879,0.055085,0.050674,0.046616,0.042883,0.039449,0.036290,0.033384,0.030711,0.028252,0.025990,0.023909,0.021994,0.020233,0.018613,0.017122,0.015751,0.014490,0.013330,0.012262,0.011280,0.010377,0.009546,0.008782,0.008079,0.007432,0.006837,0.006289,0.005786,0.005322,0.004896,0.004504,0.004143,0.003812,0.003506,0.003226,0.002967,0.002730,0.002511,0.002310,0.002125,0.001955,0.001798,0.001654,0.001522,0.001400,0.001288,0.001185,0.001090,0.001003,0.000922,0.000848,0.000781,0.000718,0.000661,0.000608,0.000559,0.000514
</differences>
